1    -56.4
2    -70.3
3   -100.1
4   -110.2
5    -56.4
6    -72.8
7    -86.3
8    -80.3
9   -121.3
10    -65.2
11   -101.1
12    -61.8
13    -68.7
14    -64.7
15    -76.0
16    -86.0
17    137.3
18    -92.4
19    -95.8
20    -75.3
21    -63.9
22    -97.2
23    -56.3
24    -64.7
25    -65.5
26    -62.4
27    -61.8
28    -62.3
29    -61.9
30    -63.4
31    -71.6
32    -78.5
33    -75.0
34    126.8
35   -118.8
36    -99.8
37   -119.6
38    -96.2
39   -114.9
40   -109.7
41    -99.1
42   -108.3
43    -73.0
44   -126.1
45   -102.8
46    -68.0
47    -77.1
48    -85.8
49    -86.9
50   -116.0
51    -73.1
52    -59.4
53    -61.8
54    -64.7
55    -60.5
56    -64.7
57    -65.7
58    -64.7
59    -66.9
60    -72.8
61    -99.7
62     85.5
63    -95.9
64    -76.0
65    -89.7
66    -70.3
67    -95.1
68   -103.3
69    -94.3
