1    141.5
2    123.5
3     85.7
4     92.9
5    -36.7
6    -10.1
7     -1.9
8    147.5
9    124.0
10    140.3
11    146.5
12    -35.4
13    -30.8
14    -38.9
15    -37.1
16    -22.3
17     68.4
18     46.0
19    151.7
20    121.9
21    121.2
22    173.9
23    -43.3
24    -29.5
25    -18.4
26    -32.2
27    -46.6
28    -40.1
29    -44.2
30    -52.5
31    -38.4
32    -26.0
33     80.7
34     17.7
35     42.0
36     56.1
37     87.7
38    100.4
39    141.0
40    145.6
41     20.7
42    110.8
43    125.1
44     -0.1
45    -33.6
46    -13.3
47    -36.4
48     -7.4
49    113.5
50     43.3
51    168.3
52    -38.6
53    -40.6
54    -37.8
55    -40.0
56    -41.4
57    -42.4
58    -41.2
59    -37.5
60    -23.4
61     19.8
62     21.1
63    134.7
64    113.0
65    128.9
66     93.4
67     61.9
68     89.4
69    -13.0
