
Last position-specific scoring matrix computed, weighted observed percentages rounded down, information per position, and relative weight of gapless real matches to pseudocounts
           A  R  N  D  C  Q  E  G  H  I  L  K  M  F  P  S  T  W  Y  V   A   R   N   D   C   Q   E   G   H   I   L   K   M   F   P   S   T   W   Y   V
    1 A    4 -3 -3 -4 -2 -3 -3 -2 -4  0 -2 -3 -1 -3 -3  0 -1 -4 -3  4   47   0   0   0   0   0   0   0   0   0   0   0   0   0   0   5   0   0   0  48  0.70 0.24
    2 G    2 -2  0 -1 -2  1 -2 -2 -3 -2 -3 -1 -2 -4  2  2  4 -4 -3  0   20   1   3   1   0   6   0   1   0   0   0   2   0   0  10  12  38   0   0   5  0.46 0.20
    3 C   -3 -6 -6 -7 11 -6 -7 -6 -6 -4 -4 -6 -4 -5 -6 -4 -4 -5 -5 -1    0   0   0   0  96   0   0   0   0   0   0   0   0   0   0   0   0   0   0   4  3.31 0.61
    4 N   -2 -1  4  3 -3 -1  0 -2 -2  0 -3 -2  0 -4 -3  2  0 -5 -3  1    1   2  29  22   0   1   5   0   0   6   0   0   4   0   0  16   3   0   0  11  0.44 0.19
    5 A    1 -3 -4 -3 -4 -2 -1 -4 -4 -1 -3 -1 -1 -2  7 -1 -2 -5 -4  2   14   0   0   0   0   1   4   0   0   3   1   4   1   2  51   2   0   0   0  16  1.04 0.27
    6 G    1 -1 -1 -1 -2 -1 -1  0 -3  1  0 -1  2 -2 -3  1  3 -4 -3  1    9   2   2   3   0   1   2   9   0   7   6   2  10   0   0   8  30   0   0  11  0.20 0.13
    7 Q    0  0  0  2 -4  4  3 -2 -2 -4 -1  1 -2 -4 -1  0 -2 -4 -3 -3    9   3   2  11   0  30  25   1   0   0   6   5   0   0   3   4   0   0   0   0  0.50 0.20
    8 L   -3 -4 -5 -6 -3 -4 -5 -6 -5  2  6 -4  0  0 -5 -4 -3 -4 -3  0    0   0   0   0   0   0   0   0   0   9  85   0   0   2   0   0   0   0   0   3  1.17 0.33
    9 T    0  0  0 -2 -3  2  0 -2 -2  0 -2 -1  2 -3 -2  3  2 -4 -3  0    7   4   2   0   0  14   2   0   0   5   1   2   7   0   0  33  17   0   0   6  0.32 0.18
   10 V    1 -3 -3 -3 -3 -3 -2 -1 -4  0 -3 -1 -3 -4  6  1  0 -5 -4  2   12   0   0   0   0   0   2   4   0   5   0   2   0   0  43  11   5   0   0  17  0.82 0.23
   11 C   -3 -7 -6 -7 11 -6 -7 -6 -6 -4 -4 -6 -4 -6 -6 -4 -4 -5 -6 -4    0   0   0   0 100   0   0   0   0   0   0   0   0   0   0   0   0   0   0   0  3.56 0.64
   12 T    3 -2 -2 -2 -2  0 -2 -3 -3  0  2  0  1  0 -3 -1  0 -3 -2  1   33   0   1   2   0   4   0   0   0   2  31   5   2   4   0   3   4   0   0   9  0.25 0.15
   13 G    1 -3 -1  0 -3 -2 -2  2 -3 -4 -3 -2 -3 -4  6  2  0 -5 -4 -2   11   0   1   5   0   0   2  17   0   0   3   0   0   0  38  18   5   0   0   2  0.77 0.22
   14 A    6 -3 -3 -2 -2 -3 -1 -1 -3 -3 -3 -3 -3 -4  2  0 -1 -4 -4  0   73   0   0   2   0   0   2   2   0   0   0   0   0   0  10   2   3   0   0   5  0.88 0.30
   15 I   -1 -4 -4 -5 -3 -4 -4 -5 -4  5  2 -4  4  2 -4 -3 -1 -3 -2  2    3   0   0   0   0   0   0   0   0  45  13   0  11   8   0   0   3   0   0  16  0.66 0.22
   16 A   -1 -3  0 -3 -2 -1 -1 -3 -3  2  1 -2  2  1 -3  0  4 -3 -2  0    4   0   5   0   0   2   3   0   0  15  15   0   6   7   0   3  36   0   0   4  0.32 0.17
   17 G   -1 -2  0 -1 -3 -1 -2  3 -2 -2 -2  0  1  0 -3  2  2  0  0 -2    2   0   4   2   0   1   0  24   0   2   3   5   6   5   0  22  17   1   5   0  0.27 0.15
   18 G   -1 -1  1 -2 -4 -2 -1  5 -3 -5 -5 -1 -4 -5  0  2 -1 -4 -4 -4    3   3   6   0   0   0   3  56   0   0   0   3   0   0   5  19   3   0   0   0  0.83 0.25
   19 A    2 -2  0  0 -2 -1 -1  2 -2 -2 -1  0 -2 -3 -2  3  1 -4 -3  0   24   1   2   4   0   2   3  13   0   1   4   4   0   0   0  26  10   0   0   6  0.26 0.14
   20 R    1 -1 -2 -2 -3  2  0 -3 -3 -2 -2  2 -1 -4  5  0 -1 -4 -3 -2   13   1   0   1   0  13   5   0   0   2   3  16   2   0  33   6   3   0   0   2  0.61 0.20
   21 P   -3 -3 -4 -4 -5 -4 -4 -5 -2 -2 -5 -3 -4 -6  8 -2 -3 -6 -5 -2    0   1   0   0   0   0   0   0   1   3   0   0   0   0  88   1   0   0   0   4  2.41 0.47
   22 T    0 -3 -2 -3 -3 -2 -2 -3 -3 -4 -4 -2 -3 -5  1  5  4 -5 -4 -3    3   0   0   0   0   0   0   0   0   0   0   0   0   0   6  59  33   0   0   0  1.04 0.36
   23 A    3 -1 -1 -1 -2  0  0  0 -2 -3 -2  1 -2 -4  1  1  3 -4 -3 -1   29   1   1   2   0   2   6   5   0   0   1  13   0   0   7   9  22   0   0   2  0.30 0.15
   24 A    2 -2 -1  2 -3  1  2 -1  0 -2  0 -1 -1 -3 -2  0  1 -3 -2 -1   22   0   1  12   0   7  18   4   2   1  13   1   1   0   1   6   8   0   1   1  0.18 0.11
   25 C   -3 -7 -6 -7 12 -6 -7 -6 -6 -4 -4 -6 -5 -6 -6 -4 -4 -5 -6 -4    0   0   0   0 100   0   0   0   0   0   0   0   0   0   0   0   0   0   0   0  3.60 0.65
   26 C   -3 -7 -6 -7 12 -6 -7 -6 -6 -4 -4 -6 -5 -6 -6 -4 -4 -5 -6 -4    0   0   0   0 100   0   0   0   0   0   0   0   0   0   0   0   0   0   0   0  3.60 0.65
   27 S    2  0  1  0 -3  1  1  0 -2 -3 -3  0 -2 -4 -2  3  1 -4 -3 -1   17   5   5   4   0   8  10   7   0   0   0   6   0   0   0  28   8   0   0   3  0.29 0.14
   28 S   -2  2  2 -1 -4  1 -1 -2 -2 -3 -4  5 -1 -1 -3  0  0 -4 -3 -2    0   9  13   2   0   4   0   1   0   1   0  54   1   3   0   5   5   0   0   2  0.66 0.25
   29 L   -2 -4 -5 -5 -3 -4 -5 -5 -5  1  5 -4  3 -2 -5 -4 -1 -4 -3  0    2   0   0   0   0   0   0   0   0   4  78   0   8   0   0   0   3   0   0   5  1.02 0.30
   30 R   -3  5 -2 -3 -5 -1 -2 -3 -3  0 -2  5  2 -4 -3 -2 -2 -5 -4 -1    0  32   0   0   0   0   0   1   0   7   2  49   6   0   0   0   1   0   0   3  0.88 0.30
   31 A    2 -2 -1  0 -3  0  5  0 -2 -2 -2 -1 -3 -4 -3  0 -2 -4 -3 -2   26   0   1   2   0   2  49   6   0   3   3   1   0   0   0   5   0   0   0   2  0.56 0.21
   32 Q   -3 -1 -2 -3 -5  8  0 -4  3 -5 -3  1 -3 -5 -4 -2 -3 -4 -3 -5    0   0   0   0   0  82   3   0   8   0   2   5   0   0   0   0   0   0   0   0  1.63 0.42
   33 Q   -1  2 -1 -1 -4  4  2 -1  0 -4 -3  3 -2 -4  0 -1 -1 -4 -3 -2    5  12   1   2   0  29  14   3   1   0   1  23   0   0   3   1   2   0   0   2  0.51 0.18
   34 G    0 -1 -2 -2 -4  0  0  1  1 -4 -4 -1 -3 -4  6  2  0 -5 -3 -3    5   2   0   0   0   3   7   9   3   0   0   3   0   0  42  20   5   0   0   0  0.83 0.21
   35 C   -3 -6 -5 -6 11 -5 -6 -5 -6 -4 -4 -6 -4 -5 -5  0 -3 -5 -5 -3    0   0   0   0  94   0   0   0   0   0   0   0   0   0   0   6   0   0   0   0  3.05 0.53
   36 F   -3 -4 -4 -5 -3 -4 -4 -5  0  0  4 -4  2  5 -5 -4 -3 -2  1  0    0   0   0   0   0   0   0   0   3   3  53   0   4  32   0   0   0   0   3   3  0.80 0.21
   37 C   -3 -6 -5 -6 11 -6 -6 -5 -5 -4 -4 -6 -4  2 -5 -3 -3 -4 -4 -3    0   0   0   0  90   0   0   0   0   0   0   0   0  10   0   0   0   0   0   0  2.83 0.47
   38 Q   -1  1  0  2 -4  4  1  1 -1 -3 -3  0 -2 -2 -3 -1  0 -3  2 -2    4   6   2  16   0  26  10  14   0   0   0   5   0   0   0   0   5   0  10   2  0.35 0.14
   39 F   -4 -4 -4 -5 -4 -4 -4 -5 -1 -3 -3 -4 -3  5 -5 -4 -4  0  8  0    0   0   0   0   0   0   0   0   0   0   0   0   0  22   0   0   0   0  71   7  1.75 0.36
   40 A    2 -2 -3 -3 -2 -1 -2 -3 -3  3  2  0  3 -1 -3 -1  0  1  0  1   21   0   0   0   0   3   0   0   0  23  19   6   9   0   0   3   7   2   3   4  0.21 0.11
   41 K   -1  3  0 -1 -4  1  0 -3  0 -2 -4  5 -3 -4 -3 -1 -1 -4 -3 -3    2  18   3   3   0   3   2   0   2   3   0  58   0   0   0   2   4   0   0   0  0.76 0.22
   42 D   -3 -3  6  5 -4 -2 -1  0 -2 -2 -5 -2 -4 -5 -3  1 -2 -5 -4 -4    0   0  50  34   0   0   0   6   0   3   0   0   0   0   0   7   0   0   0   0  1.03 0.26
   43 P   -1 -1 -4 -4 -5 -3 -3 -4 -4 -4 -5 -3 -4 -6  8 -3 -3 -6 -5 -1    4   3   0   0   0   0   0   0   0   0   0   0   0   0  87   0   0   0   0   6  2.27 0.38
   44 R    1  0  3  0 -2  0 -1 -2 -2 -1  0  0 -1 -2 -2  2  0  3 -1  0   11   4  22   4   0   2   2   0   0   0   9   6   2   0   0  17   5   6   1  11  0.18 0.10
   45 Y   -3 -3 -2 -5 -3 -3 -4 -5 -2  1  3 -4  1  5 -4 -3 -3 -1  5  0    0   0   2   0   0   0   0   0   0   7  32   0   2  25   0   0   0   0  27   5  0.70 0.19
   46 G    1  2  1 -1 -3  1  0  1 -1 -2 -3  2 -2 -3 -2  1  0 -3 -1 -1   11  13   8   0   0   5   5  14   0   0   0  20   0   0   0  13   3   0   2   7  0.23 0.09
   47 R   -1  3  0 -2 -4  4  0 -1  0 -4 -3  3  0 -4  1  1 -1 -4 -3 -3    2  16   3   0   0  27   0   5   2   0   1  22   4   0   6  11   1   0   0   0  0.44 0.19
   48 Y   -4 -4 -4 -5 -4 -4 -4 -5 -1 -3  0 -4 -2  5 -5 -4 -4  0  8 -3    0   0   0   0   0   0   0   0   0   0   9   0   0  21   0   0   0   0  69   0  1.67 0.40
   49 V   -1 -4 -4 -4 -2 -4 -4 -4 -4  4  1 -4  1  1 -4 -3 -1 -3  0  4    3   0   0   0   0   0   0   0   0  34   5   0   2   7   0   0   2   0   3  44  0.65 0.22
   50 N   -2  0  5  1 -3 -1  0 -1 -2 -2 -4  0 -3 -4 -3  2  2 -4 -3 -3    0   4  38   8   0   2   3   3   0   3   0   3   0   0   0  17  19   0   0   0  0.54 0.21
   51 S    0 -2  2 -2 -3 -2 -2  0  0 -4 -4 -2 -3 -4  1  5  1 -4 -3 -3    3   0   9   0   0   0   0   6   2   0   0   0   0   0   6  64   6   0   0   0  0.71 0.27
   52 P    0  0 -3 -2 -3  0 -2 -2 -3 -2 -3 -2 -3 -4  7 -1 -1 -4 -3 -3    6   6   1   1   0   5   2   3   0   2   3   1   0   0  63   3   3   0   0   1  1.31 0.27
   53 N   -1 -1  6  1 -3  0 -1  0  2 -2 -3 -1 -2 -3 -3 -1 -1 -3  1 -1    6   1  49   5   0   5   0   5   6   2   1   3   0   0   0   1   2   0   5   7  0.52 0.20
   54 A    5 -3 -3 -2 -2 -2 -2  1 -3 -2 -3 -1 -3 -2 -3  1 -1 -4 -3 -1   70   0   0   2   0   0   0  11   0   2   0   3   0   1   0   7   1   0   0   3  0.72 0.28
   55 R   -2  6 -2 -3 -5  2 -1 -3  0 -3 -4  4 -3 -5 -3 -2 -3 -4 -3 -4    2  50   0   0   0  11   0   1   2   1   0  32   0   0   0   0   0   0   0   0  1.03 0.31
   56 K    0  4  0 -1 -4  1  0 -2 -2 -2 -3  5 -1 -4 -3 -1 -1 -4 -3 -3    7  21   3   2   0   5   1   1   0   3   0  52   2   0   0   1   2   0   0   0  0.68 0.24
   57 A    0 -3 -2 -4 -2 -3 -3 -4 -4  3  1 -3  1 -1 -3 -2  2 -4 -2  4    5   0   2   0   0   0   0   0   0  14   8   0   4   2   0   0  17   0   0  48  0.52 0.21
   58 V    2 -3 -3 -3  1 -3 -3 -2 -3  1  2 -3  1  2 -3 -1  0 -2 -1  1   27   0   0   0   3   0   0   2   0   7  29   0   3  12   0   3   6   0   0   7  0.25 0.13
   59 S    3  0  1  0 -2 -1  0 -1  0 -3 -3  1 -2 -3 -2  1  2 -4 -3 -2   31   5   9   4   0   0   6   1   2   0   1  10   0   0   0  10  19   0   0   1  0.29 0.15
   60 S    4 -2 -1 -1  1 -1 -2 -2 -3 -2 -2 -1 -2 -2 -2  2  2 -4 -3 -1   50   0   1   3   3   1   0   0   0   2   1   2   0   2   0  19  12   0   0   4  0.47 0.22
   61 C   -3 -6 -6 -6 11 -6 -7 -5 -6 -4 -4 -6 -4 -5 -6 -4 -4 -5 -5 -4    0   0   0   0 100   0   0   0   0   0   0   0   0   0   0   0   0   0   0   0  3.40 0.62
   62 G   -1  0  2 -2 -4 -1 -2  6  1 -5 -5  1 -4 -5 -3 -1 -3 -4 -4 -4    2   5  11   1   0   1   0  63   5   0   0  11   0   0   0   1   0   0   0   0  0.95 0.27
   63 I   -2 -4 -4 -4  1 -3 -4 -4 -4  4  1 -4  2  0 -4 -1  0 -4 -2  4    0   0   0   0   3   0   0   0   0  31  12   0   6   2   0   4   3   0   0  39  0.57 0.21
   64 A    2 -1 -3 -3 -4 -1 -3 -3 -4 -4 -3 -2 -4 -5  7 -1 -1 -5 -4 -2   16   4   0   0   0   2   0   0   0   0   2   0   0   0  67   3   4   0   0   3  1.53 0.34
   65 L   -2 -3 -4 -4 -3 -2 -4 -4 -2  2  1 -3  1  4 -4 -3 -2 -1  5  2    1   0   0   0   0   2   0   0   0  13   8   0   4  21   0   1   1   0  29  19  0.61 0.21
   66 P   -3 -4 -4 -4 -5 -3 -3 -4 -4 -5 -5 -3  1 -6  8 -2 -2 -6 -5 -4    0   0   0   0   0   0   0   0   0   0   0   0   4   0  92   2   2   0   0   0  2.53 0.47
   67 T   -1  2  2 -1 -3  1 -1 -2  0 -1 -3  3 -2 -3 -2  2  2 -4 -3 -1    0  14  13   1   0   4   0   0   3   3   0  20   0   0   0  18  17   0   0   6  0.31 0.15
   68 C   -3 -6 -5 -6 11 -6 -6 -5 -6 -4 -4 -6 -4 -5 -5 -3 -3 -5 -5 -3    0   0   0   0 100   0   0   0   0   0   0   0   0   0   0   0   0   0   0   0  3.21 0.55
   69 H   -2  3  2 -1 -3  3  1 -2  5 -3 -3  1 -1 -3 -2  0 -1 -3  0 -3    0  22  17   0   0  32   0   0  29   0   0   0   0   0   0   0   0   0   0   0  0.46 0.02

                      K         Lambda
Standard Ungapped    0.1333     0.3238
Standard Gapped      0.0410     0.2670
PSI Ungapped         0.1652     0.3179
PSI Gapped           0.0506     0.2670
