69
     0 0.000000 0.129166
     1 0.000000 -0.199580
     2 0.000000 -0.740015
     3 0.000000 -0.627485
     4 0.000000 -0.670895
     5 0.000000 -0.583087
     6 0.000000 -0.410367
     7 0.000000 -0.842331
     8 0.000000 -0.698246
     9 0.000000 -0.704616
    10 0.000000 -0.888766
    11 0.000000 -0.861347
    12 0.000000 -0.840270
    13 0.000000 -0.911692
    14 0.000000 -0.766554
    15 0.000000 -0.633948
    16 0.000000 -0.435631
    17 0.000000 -0.555712
    18 0.000000 -0.452208
    19 0.000000 -0.167127
    20 0.000000 -0.822829
    21 0.000000 -0.771271
    22 0.000000 -0.431992
    23 0.000000 -0.457374
    24 0.000000 -0.923107
    25 0.000000 -0.930474
    26 0.000000 -0.394941
    27 0.000000 -0.794479
    28 0.000000 -0.924495
    29 0.000000 -0.546709
    30 0.000000 -0.178434
    31 0.000000 -0.549812
    32 0.000000 -0.515526
    33 0.000000 -0.607978
    34 0.000000 -0.907713
    35 0.000000 -0.702104
    36 0.000000 -0.928953
    37 0.000000 -0.693706
    38 0.000000 -0.819630
    39 0.000000 -0.904121
    40 0.000000 -0.525869
    41 0.000000 -0.762805
    42 0.000000 -0.648015
    43 0.000000 -0.225155
    44 0.000000 -0.821444
    45 0.000000 -0.801277
    46 0.000000 -0.251879
    47 0.000000 -0.779543
    48 0.000000 -0.853454
    49 0.000000 -0.510845
    50 0.000000 -0.763651
    51 0.000000 -0.544395
    52 0.000000 -0.450109
    53 0.000000 -0.897063
    54 0.000000 -0.515544
    55 0.000000 -0.398391
    56 0.000000 -0.933011
    57 0.000000 -0.931887
    58 0.000000 -0.465359
    59 0.000000 -0.612790
    60 0.000000 -0.808902
    61 0.000000 -0.421023
    62 0.000000 -0.729724
    63 0.000000 -0.456667
    64 0.000000 -0.777437
    65 0.000000 -0.607972
    66 0.000000 -0.359797
    67 0.000000 -0.749201
    68 0.000000 0.553339
